1st alg[mc]:
0.00095367431640625
0.8118152618408203
1.2180805206298828
1.5170574188232422
1.5578269958496094
1.940011978149414
1.7552375793457031
1.7971992492675781
1.9898414611816406
2.4449825286865234
3.4427642822265625
4.220008850097656
6.662130355834961
31.342029571533203
2nd alg[mc]:
0.003814697265625
0.006198883056640625
0.008821487426757812
0.022172927856445312
0.054836273193359375
0.141143798828125
0.25582313537597656
0.6148815155029297
1.359701156616211
2.9990673065185547
7.2269439697265625
13.117790222167969
25.333166122436523
124.77278709411621
3rd alg[mc]:
0.0
0.0069141387939453125
0.01430511474609375
0.031948089599609375
0.06604194641113281
0.12803077697753906
0.2346038818359375
0.3528594970703125
0.6310939788818359
1.1069774627685547
1.909017562866211
3.2758712768554688
6.218910217285156
15.97905158996582