1st alg[mc]:
0.007152557373046875
1.0349750518798828
1.024007797241211
1.0442733764648438
1.0790824890136719
1.0406970977783203
1.1272430419921875
1.146078109741211
1.2118816375732422
1.252889633178711
1.5196800231933594
1.9030570983886719
2.801179885864258
27.721405029296875
2nd alg[mc]:
0.003814697265625
0.003814697265625
0.00476837158203125
0.008821487426757812
0.016927719116210938
0.03981590270996094
0.1277923583984375
0.3027915954589844
0.6558895111083984
1.2841224670410156
2.6292800903320312
5.772113800048828
10.93292236328125
110.57019233703613
3rd alg[mc]:
0.00095367431640625
0.006198883056640625
0.006198883056640625
0.009059906005859375
0.015020370483398438
0.025987625122070312
0.03910064697265625
0.06389617919921875
0.09584426879882812
0.15807151794433594
0.27108192443847656
0.5240440368652344
1.0387897491455078
3.358125686645508
